id:[pca.columns=1.0];[knn.distance=manhattan][knn.k=8.0]
time:4437.153000000001
median_time:0.5869250000000001