id:[pca.columns=1.0];[knn.distance=manhattan][knn.k=7.0]
time:2435.1239999999434
median_time:0.2513546655656424