id:[pca.columns=1.0];[knn.k=3.0][knn.distance=euclidian]
time:96.45400000000004
median_time:1.3779142857142863