id:[pca.columns=1.0];[knn.k=5.0][knn.distance=euclidian]
time:92.99999999999996
median_time:1.328571428571428