id:[pca.columns=5.0];[knn.k=26.0][knn.distance=manhattan]
time:495.47799999999967
median_time:1.310788359788359