id:[knn.distance=euclidian][knn.k=101.0]
time:265.51699999999994
median_time:0.23706874999999994