id:[pca.columns=1.0];[knn.distance=manhattan][knn.k=6.0]
time:747.165999999971
median_time:0.13898177083332794