id:[pca.columns=1.0];[knn.distance=manhattan][knn.k=10.0]
time:1096.2570000000244
median_time:0.16985698791447543