id:[knn.distance=euclidian][knn.k=306.0]
time:108.71600000000024
median_time:0.15530857142857177