id:[pca.columns=6.0];[bkprop.cycles=3000][bkprop.learningRate=0.5][bkprop.momentum=0.7]
time:644.9530000000001
median_time:92.13614285714287