id:[avg.disturb=false][avg.type=arithmetic]
time:0.013999999999999999
median_time:0.006999999999999999