id:[knn.distance=manhattan][knn.k=10.0]
time:85.3560000000002
median_time:0.12193714285714313