id:[knn.k=1.0][knn.distance=euclidian]
time:5.109000000000001
median_time:0.5109000000000001