id:[knn.k=17.0][knn.distance=manhattan]
time:76.16199999999999
median_time:1.4104074074074073