id:[knn.distance=manhattan][knn.k=9.0]
time:103.26700000000046
median_time:0.13446223958333395