id:[knn.distance=manhattan][knn.k=64.0]
time:107.18700000000011
median_time:0.15312428571428588