id:[pca.columns=1.0];[knn.distance=euclidian][knn.k=44.0]
time:2633.189999999967
median_time:0.2717991329479735