id:[pca.columns=6.0];[knn.distance=manhattan][knn.k=38.0]
time:566.5700000000024
median_time:0.2408886054421779