id:[pca.columns=1.0];[knn.distance=manhattan][knn.k=23.0]
time:1449.1309999999419
median_time:0.19168399470898703