id:[pca.columns=5.0];[bkprop.cycles=3000][bkprop.learningRate=0.5][bkprop.momentum=0.7]
time:968.1030000000001
median_time:138.30042857142857