id:[pca.columns=1.0];[knn.k=4.0][knn.distance=euclidian]
time:33.583000000000006
median_time:0.5597166666666668