id:[pca.columns=1.0];[knn.k=6.0][knn.distance=manhattan]
time:506.78599999999966
median_time:1.3407037037037028