id:[pca.columns=1.0];[bkprop.cycles=3000][bkprop.learningRate=0.5][bkprop.momentum=0.7]
time:465.49699999999996
median_time:77.58283333333333