id:[pca.columns=2.0];[knn.distance=manhattan][knn.k=6.0]
time:47.524000000000036
median_time:0.0990083333333334