id:[pca.columns=1.0];[knn.k=4.0][knn.distance=manhattan]
time:0.8290000000000004
median_time:0.04145000000000002