id:[pca.columns=1.0];[knn.k=4.0][knn.distance=manhattan]
time:0.5820000000000003
median_time:0.029100000000000015