id:[pca.columns=2.0];[bkprop.cycles=3000][bkprop.learningRate=0.5][bkprop.momentum=0.7]
time:686.0640000000001
median_time:98.00914285714286