id:[pca.columns=1.0];[knn.k=1.0][knn.distance=euclidian]
time:575.1639999999998
median_time:1.521597883597883