id:[knn.distance=manhattan][knn.k=17.0]
time:340.38300000000123
median_time:0.24594147398844018