id:[pca.columns=7.0];[bkprop.cycles=3000][bkprop.learningRate=0.5][bkprop.momentum=0.7]
time:861.8900000000001
median_time:123.12714285714287