id:[pca.columns=1.0];[knn.distance=manhattan][knn.k=10.0]
time:1110.4420000000334
median_time:0.1720548497056141