id:[pca.columns=1.0];[knn.distance=manhattan][knn.k=20.0]
time:757.3999999999627
median_time:0.1408854166666597