id:[pca.columns=1.0];[knn.k=5.0][knn.distance=manhattan]
time:113.32000000000002
median_time:1.6188571428571432