id:[knn.k=2.0][knn.distance=manhattan]
time:18.543999999999997
median_time:1.8543999999999996