id:[pca.columns=5.0];[bkprop.momentum=0.7][bkprop.cycles=3000][bkprop.learningRate=0.5]
time:271.70500000000004
median_time:38.815000000000005