id:[pca.columns=1.0];[knn.k=5.0][knn.distance=manhattan]
time:137.69499999999996
median_time:1.9670714285714281