id:[pca.columns=1.0];[knn.distance=manhattan][knn.k=11.0]
time:1448.4169999999071
median_time:0.19230177907593032