id:[pca.columns=2.0];[bkprop.cycles=3000][bkprop.learningRate=0.5][bkprop.momentum=0.7]
time:575.4979999999999
median_time:95.91633333333333