id:[knn.k=27.0][knn.distance=manhattan]
time:87.42300000000003
median_time:1.618944444444445