id:[pca.columns=7.0];[bkprop.momentum=0.7][bkprop.cycles=3000][bkprop.learningRate=0.5]
time:290.83099999999996
median_time:41.54728571428571