id:[pca.columns=1.0];[knn.distance=manhattan][knn.k=13.0]
time:1583.5240000000517
median_time:0.1795378684807315