id:[knn.k=4.0][knn.distance=euclidian]
time:3.6750000000000003
median_time:0.36750000000000005