id:[pca.columns=1.0];[knn.distance=manhattan][knn.k=19.0]
time:5072.5010000001585
median_time:0.57511349206351