id:[pca.columns=5.0];[knn.k=1.0][knn.distance=manhattan]
time:420.3910000000006
median_time:1.1121455026455043