id:[pca.columns=1.0];[knn.k=5.0][knn.distance=manhattan]
time:110.55899999999993
median_time:1.5794142857142848