id:[pca.columns=1.0];[knn.k=9.0][knn.distance=manhattan]
time:4.098000000000005
median_time:0.04098000000000005