id:[knn.distance=manhattan][knn.k=7.0]
time:431.47199999999964
median_time:0.611150141643059