id:[pca.columns=1.0];[bkprop.momentum=0.7][bkprop.cycles=3000][bkprop.learningRate=0.5]
time:504.3330000000001
median_time:56.037000000000006