id:[pca.columns=1.0];[knn.distance=manhattan][knn.k=123.0]
time:4278.040999999651
median_time:0.37725229276892863