id:[pca.columns=1.0];[knn.distance=manhattan][knn.k=19.0]
time:2599.8369999999554
median_time:0.26835642031378565