id:[pca.columns=1.0];[knn.k=5.0][knn.distance=euclidian]
time:0.8110000000000003
median_time:0.04055000000000002