id:[pca.columns=6.0];[knn.distance=manhattan][knn.k=79.0]
time:4616.63800000001
median_time:1.2252223991507458