id:[pca.columns=1.0];[knn.distance=euclidian][knn.k=27.0]
time:9.604999999999977
median_time:0.02001041666666662