id:[pca.columns=6.0];[knn.distance=euclidian][knn.k=3.0]
time:2303.0550000000003
median_time:0.5436862606232296