id:[knn.distance=manhattan][knn.k=2.0]
time:5.039000000000001
median_time:0.027994444444444447