id:[knn.distance=euclidian][knn.k=27.0]
time:2.4209999999999936
median_time:0.010087499999999973