id:[pca.columns=6.0];[knn.distance=manhattan][knn.k=19.0]
time:1162.486999999986
median_time:0.35226878787878363