id:[pca.columns=3.0];[knn.distance=euclidian][knn.k=15.0]
time:569.1430000000033
median_time:0.2419825680272123