id:[knn.distance=manhattan][knn.k=13.0]
time:162.8960000000001
median_time:0.3451186440677968