id:[pca.columns=1.0];[knn.k=17.0][knn.distance=manhattan]
time:703.3829999999986
median_time:1.8608015873015835