id:[pca.columns=1.0];[knn.distance=euclidian][knn.k=5.0]
time:7.115999999999989
median_time:0.023719999999999963