id:[pca.columns=1.0];[knn.distance=manhattan][knn.k=38.0]
time:2792.9030000000025
median_time:0.659325542965062