id:[pca.columns=1.0];[knn.distance=manhattan][knn.k=8.0]
time:4004.743999999806
median_time:0.35315202821867775