id:[pca.columns=6.0];[knn.distance=euclidian][knn.k=3.0]
time:2318.921999999999
median_time:0.6154251592356685