id:[pca.columns=1.0];[knn.k=1.0][knn.distance=euclidian]
time:637.2559999999995
median_time:1.6858624338624326