id:[pca.columns=6.0];[bkprop.cycles=3000][bkprop.learningRate=0.5][bkprop.momentum=0.7]
time:421.52000000000004
median_time:70.25333333333334