id:[pca.columns=1.0];[knn.distance=manhattan][knn.k=25.0]
time:2609.8459999999245
median_time:0.2693895540875232