id:[knn.distance=euclidian][knn.k=5.0]
time:253.10299999999782
median_time:0.2057747967479657