id:[pca.columns=1.0];[knn.distance=manhattan][knn.k=5.0]
time:19.168999999999993
median_time:0.31948333333333323