id:[pca.columns=1.0];[knn.distance=manhattan][knn.k=18.0]
time:2190.706000000004
median_time:0.581397558386413