id:[knn.k=5.0][knn.distance=euclidian]
time:10.107000000000001
median_time:1.0107000000000002