id:[pca.columns=1.0];[knn.distance=manhattan][knn.k=3.0]
time:2.723999999999987
median_time:0.00756666666666663