id:[pca.columns=1.0];[knn.k=3.0][knn.distance=manhattan]
time:34.65400000000001
median_time:0.5775666666666669