id:[pca.columns=1.0];[knn.distance=manhattan][knn.k=13.0]
time:9.142999999999985
median_time:0.021769047619047584