id:[pca.columns=1.0];[knn.distance=manhattan][knn.k=58.0]
time:2067.2230000000563
median_time:0.2400955865273004