id:[knn.distance=euclidian][knn.k=1.0]
time:3.939000000000005
median_time:0.026260000000000033