id:[pca.columns=1.0];[knn.k=6.0][knn.distance=manhattan]
time:944.6010000000001
median_time:2.4989444444444446