id:[pca.columns=1.0];[knn.k=3.0][knn.distance=euclidian]
time:3.1070000000000024
median_time:0.031070000000000025