id:[pca.columns=1.0];[bkprop.momentum=0.7][bkprop.learningRate=0.5][bkprop.cycles=3000]
time:143.10500000000002
median_time:71.55250000000001