id:[pca.columns=3.0];[knn.distance=euclidian][knn.k=18.0]
time:847.5579999999932
median_time:0.29927895480225747