id:[pca.columns=1.0];[knn.k=2.0][knn.distance=manhattan]
time:166.52100000000002
median_time:2.3788714285714287