id:[knn.k=2.0][knn.distance=manhattan]
time:17.685000000000002
median_time:1.7685000000000002