id:[pca.columns=1.0];[knn.distance=manhattan][knn.k=7.0]
time:1219.411000000009
median_time:0.43058298022599184