id:[knn.distance=euclidian][knn.k=5.0]
time:279.37500000000006
median_time:0.28507653061224497