id:[pca.columns=1.0];[knn.k=5.0][knn.distance=manhattan]
time:20.323999999999998
median_time:0.3387333333333333