id:[pca.columns=1.0];[knn.distance=euclidian][knn.k=127.0]
time:2535.4189999998607
median_time:0.2515296626983989