id:[pca.columns=1.0];[knn.distance=manhattan][knn.k=41.0]
time:1663.4810000000039
median_time:0.5040851515151527