id:[pca.columns=1.0];[knn.distance=manhattan][knn.k=13.0]
time:2627.5139999999005
median_time:0.271213253509486