id:[knn.distance=euclidian][knn.k=1.0]
time:340.32700000000114
median_time:0.24590101156069447