id:[knn.distance=manhattan][knn.k=6.0]
time:351.0529999999999
median_time:0.3134401785714285