id:[pca.columns=6.0];[knn.k=2.0][knn.distance=manhattan]
time:347.5899999999999
median_time:0.9195502645502643