id:[pca.columns=5.0];[knn.distance=euclidian][knn.k=6.0]
time:877.6659999999985
median_time:0.3731573129251694