id:[pca.columns=1.0];[knn.distance=euclidian][knn.k=10.0]
time:1.7209999999999952
median_time:0.00573666666666665