id:[pca.columns=5.0];[knn.k=1.0][knn.distance=euclidian]
time:635.5960000000002
median_time:1.6814708994709