id:[knn.k=22.0][knn.distance=manhattan]
time:99.92200000000004
median_time:1.8504074074074082