id:[pca.columns=1.0];[knn.distance=manhattan][knn.k=8.0]
time:830.4910000000151
median_time:0.3530999149659928