id:[pca.columns=5.0];[bkprop.momentum=0.7][bkprop.cycles=3000][bkprop.learningRate=0.5]
time:200.72600000000003
median_time:28.675142857142863