id:[pca.columns=1.0];[knn.distance=euclidian][knn.k=6.0]
time:883.8559999999708
median_time:0.16440773809523265