id:[pca.columns=1.0];[knn.k=14.0][knn.distance=manhattan]
time:620.0020000000013
median_time:1.6402169312169348