id:[pca.columns=1.0];[knn.distance=manhattan][knn.k=36.0]
time:1480.6619999999327
median_time:0.195854761904753