id:[pca.columns=1.0];[knn.k=5.0][knn.distance=manhattan]
time:28.95300000000001
median_time:0.48255000000000015