id:[knn.distance=manhattan][knn.k=2.0]
time:11.732999999999999
median_time:1.1732999999999998