id:[pca.columns=1.0];[knn.distance=euclidian][knn.k=3.0]
time:0.7030000000000004
median_time:0.03515000000000002