id:[pca.columns=3.0];[bkprop.momentum=0.7][bkprop.learningRate=0.5][bkprop.cycles=3000]
time:426.48499999999996
median_time:71.08083333333333