id:[pca.columns=1.0];[knn.distance=euclidian][knn.k=1.0]
time:3.494999999999999
median_time:0.17474999999999996