id:[pca.columns=1.0];[knn.distance=euclidian][knn.k=1.0]
time:2.2730000000000006
median_time:0.11365000000000003