id:[knn.distance=manhattan][knn.k=5.0]
time:371.99000000000194
median_time:0.5268980169971699