id:[pca.columns=1.0];[knn.distance=euclidian][knn.k=101.0]
time:2565.6749999999133
median_time:0.2545312499999914