id:[pca.columns=1.0];[knn.k=7.0][knn.distance=euclidian]
time:818.0489999999983
median_time:2.164150793650789