id:[pca.columns=6.0];[knn.distance=manhattan][knn.k=13.0]
time:1387.4229999999918
median_time:0.42043121212120965