id:[knn.k=5.0][knn.distance=manhattan]
time:4.2330000000000005
median_time:0.42330000000000007