id:[pca.columns=3.0];[bkprop.cycles=3000][bkprop.learningRate=0.5][bkprop.momentum=0.7]
time:344.44500000000005
median_time:57.407500000000006