id:[pca.columns=5.0];[bkprop.cycles=3000][bkprop.learningRate=0.5][bkprop.momentum=0.7]
time:773.9380000000001
median_time:110.56257142857145