id:[knn.k=5.0][knn.distance=manhattan]
time:3.6089999999999995
median_time:0.36089999999999994