id:[pca.columns=1.0];[knn.k=5.0][knn.distance=manhattan]
time:21.34600000000001
median_time:0.35576666666666684