id:[pca.columns=2.0];[bkprop.cycles=3000][bkprop.learningRate=0.5][bkprop.momentum=0.7]
time:47.852000000000004
median_time:23.926000000000002