id:[pca.columns=6.0];[knn.k=6.0][knn.distance=euclidian]
time:420.7490000000002
median_time:1.1130925925925932