id:[knn.k=9.0][knn.distance=euclidian]
time:104.98600000000005
median_time:1.9441851851851861