id:[pca.columns=1.0];[knn.k=5.0][knn.distance=manhattan]
time:173.3719999999999
median_time:2.4767428571428556