id:[pca.columns=1.0];[knn.distance=manhattan][knn.k=34.0]
time:1491.8949999998933
median_time:0.19807421667550362