id:[pca.columns=3.0];[knn.distance=euclidian][knn.k=5.0]
time:839.6669999999951
median_time:0.296492584745761