id:[pca.columns=1.0];[knn.distance=manhattan][knn.k=179.0]
time:2057.375999999992
median_time:0.2389519163763057