id:[pca.columns=1.0];[knn.distance=manhattan][knn.k=418.0]
time:2532.064999999886
median_time:0.2511969246031633