id:[pca.columns=1.0];[knn.k=8.0][knn.distance=manhattan]
time:799.2759999999978
median_time:2.114486772486767