id:[knn.distance=euclidian][knn.k=1.0]
time:102.02800000000039
median_time:0.13284895833333385