id:[knn.k=27.0][knn.distance=manhattan]
time:65.73199999999999
median_time:1.217259259259259