id:[knn.distance=euclidian][knn.k=1.0]
time:8.922000000000002
median_time:0.0660888888888889