id:[knn.k=4.0][knn.distance=manhattan]
time:92.56400000000004
median_time:1.7141481481481489