id:[pca.columns=3.0];[bkprop.cycles=3000][bkprop.learningRate=0.5][bkprop.momentum=0.7]
time:372.45699999999994
median_time:62.07616666666666