id:[pca.columns=1.0];[knn.k=5.0][knn.distance=euclidian]
time:132.60499999999993
median_time:1.894357142857142