id:[pca.columns=1.0];[knn.k=1.0][knn.distance=manhattan]
time:133.14899999999994
median_time:1.9021285714285707