id:[pca.columns=7.0];[bkprop.cycles=3000][bkprop.learningRate=0.5][bkprop.momentum=0.7]
time:814.9369999999999
median_time:116.41957142857142