id:[knn.distance=euclidian][knn.k=15.0]
time:102.13000000000062
median_time:0.13298177083333415