id:[pca.columns=1.0];[knn.k=25.0][knn.distance=manhattan]
time:729.4259999999974
median_time:1.9296984126984058