id:[knn.distance=euclidian][knn.k=1.0]
time:1.9629999999999996
median_time:0.19629999999999997