id:[pca.columns=4.0];[bkprop.momentum=0.7][bkprop.learningRate=0.5][bkprop.cycles=3000]
time:807.8499999999999
median_time:115.40714285714284