id:[pca.columns=1.0];[knn.k=5.0][knn.distance=manhattan]
time:147.9020000000001
median_time:2.112885714285716