id:[knn.k=3.0][knn.distance=euclidian]
time:0.3440000000000001
median_time:0.03440000000000001