id:[pca.columns=1.0];[knn.distance=euclidian][knn.k=1.0]
time:6767.668999999804
median_time:0.5967962081128575