id:[knn.k=27.0][knn.distance=manhattan]
time:54.65300000000001
median_time:1.0120925925925928