id:[pca.columns=3.0];[bkprop.cycles=3000][bkprop.learningRate=0.5][bkprop.momentum=0.7]
time:809.7919999999999
median_time:115.68457142857142