id:[pca.columns=1.0];[knn.distance=manhattan][knn.k=7.0]
time:1392.4190000000121
median_time:0.22101888888889082