id:[knn.distance=manhattan][knn.k=5.0]
time:108.22500000000011
median_time:0.27608418367346965