id:[pca.columns=1.0];[knn.distance=manhattan][knn.k=23.0]
time:2062.9450000000134
median_time:0.23959872241579713