id:[pca.columns=3.0];[knn.distance=euclidian][knn.k=95.0]
time:1938.7050000000102
median_time:0.45767351274787776