id:[knn.k=27.0][knn.distance=euclidian]
time:76.26299999999998
median_time:1.4122777777777773