id:[knn.distance=manhattan][knn.k=4.0]
time:2.4159999999999946
median_time:0.011504761904761879