id:[pca.columns=7.0];[bkprop.momentum=0.7][bkprop.cycles=3000][bkprop.learningRate=0.5]
time:172.27100000000002
median_time:24.610142857142858