id:[knn.k=5.0][knn.distance=euclidian]
time:2.8900000000000006
median_time:0.28900000000000003