id:[pca.columns=3.0];[knn.distance=euclidian][knn.k=2.0]
time:1932.336000000012
median_time:0.45616997167139095