id:[knn.distance=manhattan][knn.k=9.0]
time:205.63500000000062
median_time:0.1911105947955396