id:[pca.columns=1.0];[knn.distance=euclidian][knn.k=5.0]
time:4266.2839999997495
median_time:0.3762155202821649