id:[knn.k=5.0][knn.distance=euclidian]
time:18.124000000000002
median_time:1.8124000000000002