id:[pca.columns=1.0];[knn.k=5.0][knn.distance=manhattan]
time:20.612000000000002
median_time:0.34353333333333336