id:[pca.columns=1.0];[knn.distance=manhattan][knn.k=9.0]
time:1501.7559999999585
median_time:0.19938343069569284