id:[knn.k=5.0][knn.distance=manhattan]
time:18.514000000000003
median_time:1.8514000000000004