id:[knn.k=25.0][knn.distance=manhattan]
time:65.14899999999999
median_time:1.2064629629629626