id:[pca.columns=2.0];[knn.distance=euclidian][knn.k=11.0]
time:1026.9379999999935
median_time:0.3626193502824836