id:[pca.columns=1.0];[knn.distance=euclidian][knn.k=5.0]
time:2.1130000000000004
median_time:0.10565000000000002