id:[pca.columns=1.0];[knn.distance=manhattan][knn.k=10.0]
time:1518.618999999958
median_time:0.2016222782793359