id:[pca.columns=4.0];[bkprop.momentum=0.7][bkprop.cycles=3000][bkprop.learningRate=0.5]
time:403.41700000000003
median_time:57.63100000000001