id:[knn.k=5.0][knn.distance=euclidian]
time:19.423000000000002
median_time:1.9423000000000001