id:[knn.k=3.0][knn.distance=euclidian]
time:11.074999999999998
median_time:1.1074999999999997