id:[knn.distance=euclidian][knn.k=1.0]
time:459.40999999999883
median_time:0.36461111111111016