id:[pca.columns=2.0];[bkprop.momentum=0.7][bkprop.cycles=3000][bkprop.learningRate=0.5]
time:238.11899999999997
median_time:34.016999999999996