id:[knn.distance=manhattan][knn.k=8.0]
time:259.24900000000014
median_time:0.47136181818181844