id:[pca.columns=2.0];[knn.distance=euclidian][knn.k=4.0]
time:22.329000000000093
median_time:0.04135000000000017