id:[pca.columns=3.0];[knn.distance=manhattan][knn.k=32.0]
time:1163.3159999999866
median_time:0.35251999999999595