id:[pca.columns=7.0];[knn.k=1.0][knn.distance=manhattan]
time:342.6319999999999
median_time:0.9064338624338621