id:[pca.columns=1.0];[knn.distance=euclidian][knn.k=11.0]
time:817.9139999999945
median_time:0.1298276190476182