id:[pca.columns=1.0];[knn.distance=manhattan][knn.k=185.0]
time:1135.6210000000372
median_time:0.17595615122405286