id:[pca.columns=1.0];[knn.k=1.0][knn.distance=euclidian]
time:425.3800000000004
median_time:1.1253439153439164