id:[pca.columns=1.0];[knn.distance=manhattan][knn.k=15.0]
time:1514.5349999999464
median_time:0.20033531746031039