id:[pca.columns=3.0];[knn.distance=euclidian][knn.k=18.0]
time:1152.0709999999913
median_time:0.3491124242424216