id:[pca.columns=1.0];[knn.k=1.0][knn.distance=euclidian]
time:42.137000000000015
median_time:0.7022833333333336