id:[pca.columns=1.0];[knn.distance=manhattan][knn.k=2.0]
time:2013.3830000000426
median_time:0.23384239256678777