id:[pca.columns=1.0];[knn.k=3.0][knn.distance=manhattan]
time:114.83299999999991
median_time:1.6404714285714272