id:[knn.k=18.0][knn.distance=manhattan]
time:83.75099999999999
median_time:1.5509444444444442