id:[pca.columns=1.0];[knn.k=2.0][knn.distance=manhattan]
time:37.641000000000005
median_time:0.6273500000000001