id:[pca.columns=1.0];[knn.distance=manhattan][knn.k=12.0]
time:754.9319999999676
median_time:0.14042633928570827