id:[pca.columns=1.0];[knn.distance=manhattan][knn.k=12.0]
time:43.54800000000028
median_time:0.08064444444444496