id:[pca.columns=1.0];[knn.k=9.0][knn.distance=manhattan]
time:4.171000000000005
median_time:0.041710000000000046