id:[knn.distance=manhattan][knn.k=15.0]
time:102.79800000000046
median_time:0.1338515625000006