id:[pca.columns=4.0];[bkprop.cycles=3000][bkprop.learningRate=0.5][bkprop.momentum=0.7]
time:847.8890000000001
median_time:121.12700000000002