id:[pca.columns=1.0];[knn.k=3.0][knn.distance=manhattan]
time:29.268000000000022
median_time:0.48780000000000034