id:[pca.columns=1.0];[knn.distance=euclidian][knn.k=1.0]
time:753.0839999999641
median_time:0.1400825892857076