id:[knn.k=9.0][knn.distance=manhattan]
time:1.9369999999999985
median_time:0.03873999999999997