id:[knn.distance=manhattan][knn.k=37.0]
time:157.17600000000073
median_time:0.18711428571428657