id:[knn.distance=manhattan][knn.k=51.0]
time:445.0939999999972
median_time:0.35324920634920415