id:[knn.distance=manhattan][knn.k=7.0]
time:138.4870000000002
median_time:0.1978385714285717