id:[knn.k=11.0][knn.distance=manhattan]
time:92.48200000000003
median_time:1.7126296296296302