id:[knn.k=13.0][knn.distance=manhattan]
time:87.02500000000003
median_time:1.6115740740740747