id:[knn.distance=manhattan][knn.k=16.0]
time:158.92599999999993
median_time:0.33670762711864394