id:[knn.distance=manhattan][knn.k=179.0]
time:274.74799999999675
median_time:0.22337235772357458