id:[knn.k=4.0][knn.distance=manhattan]
time:0.3900000000000001
median_time:0.039000000000000014