id:[pca.columns=6.0];[knn.distance=manhattan][knn.k=6.0]
time:1928.0700000000027
median_time:0.4551628895184142