id:[pca.columns=1.0];[knn.k=5.0][knn.distance=euclidian]
time:117.41600000000007
median_time:1.6773714285714296