id:[pca.columns=3.0];[knn.distance=euclidian][knn.k=2.0]
time:5581.8710000000265
median_time:1.31772214353164