id:[pca.columns=1.0];[knn.k=5.0][knn.distance=euclidian]
time:154.87300000000008
median_time:2.2124714285714298