id:[knn.k=1.0][knn.distance=manhattan]
time:11.234000000000004
median_time:1.1234000000000004