id:[pca.columns=6.0];[bkprop.cycles=3000][bkprop.learningRate=0.5][bkprop.momentum=0.7]
time:777.8489999999999
median_time:111.1212857142857