id:[pca.columns=1.0];[bkprop.cycles=3000][bkprop.learningRate=0.5][bkprop.momentum=0.7]
time:497.5280000000001
median_time:82.92133333333335