id:[pca.columns=1.0];[knn.distance=manhattan][knn.k=21.0]
time:1112.6090000000272
median_time:0.1723906104741288