id:[pca.columns=7.0];[knn.k=17.0][knn.distance=manhattan]
time:628.5279999999995
median_time:1.6627724867724853