id:[knn.k=4.0][knn.distance=manhattan]
time:5.406000000000001
median_time:0.5406000000000001