id:[pca.columns=1.0];[knn.distance=manhattan][knn.k=8.0]
time:1549.8519999999658
median_time:0.20576898566117444