id:[pca.columns=1.0];[knn.k=5.0][knn.distance=euclidian]
time:40.760999999999974
median_time:0.6793499999999996