id:[pca.columns=5.0];[bkprop.momentum=0.7][bkprop.cycles=3000][bkprop.learningRate=0.5]
time:235.07699999999997
median_time:33.582428571428565