id:[pca.columns=7.0];[knn.k=26.0][knn.distance=manhattan]
time:342.31099999999986
median_time:0.9055846560846558