id:[pca.columns=1.0];[knn.distance=euclidian][knn.k=105.0]
time:3080.6069999997926
median_time:0.2716584656084473