id:[pca.columns=1.0];[knn.k=2.0][knn.distance=manhattan]
time:513.426999999999
median_time:1.358272486772484