id:[pca.columns=1.0];[knn.k=5.0][knn.distance=euclidian]
time:150.94500000000002
median_time:2.1563571428571433