id:[knn.k=5.0][knn.distance=manhattan]
time:1.7669999999999992
median_time:0.03533999999999998