id:[pca.columns=5.0];[bkprop.cycles=3000][bkprop.learningRate=0.5][bkprop.momentum=0.7]
time:1217.8739999999998
median_time:173.98199999999997