id:[pca.columns=1.0];[knn.distance=manhattan][knn.k=19.0]
time:15.112999999999946
median_time:0.02798703703703694