id:[pca.columns=7.0];[knn.k=27.0][knn.distance=manhattan]
time:419.0130000000004
median_time:1.108500000000001