id:[pca.columns=1.0];[knn.distance=manhattan][knn.k=4.0]
time:6.946999999999989
median_time:0.02315666666666663