id:[knn.distance=manhattan][knn.k=185.0]
time:152.0010000000011
median_time:0.1648600867678971