id:[pca.columns=1.0];[knn.k=5.0][knn.distance=manhattan]
time:37.48400000000001
median_time:0.6247333333333335