id:[knn.distance=manhattan][knn.k=37.0]
time:109.08100000000015
median_time:0.2782678571428575