id:[pca.columns=5.0];[knn.distance=manhattan][knn.k=38.0]
time:1528.8080000000002
median_time:0.4057346072186837