id:[pca.columns=4.0];[bkprop.cycles=3000][bkprop.learningRate=0.5][bkprop.momentum=0.7]
time:357.51599999999996
median_time:59.58599999999999