id:[pca.columns=2.0];[bkprop.momentum=0.7][bkprop.cycles=3000][bkprop.learningRate=0.5]
time:171.42800000000003
median_time:24.48971428571429