id:[pca.columns=1.0];[knn.k=5.0][knn.distance=manhattan]
time:130.17900000000003
median_time:1.8597000000000004