id:[avg.disturb=false][avg.type=arithmetic]
time:0.009000000000000001
median_time:0.0045000000000000005