id:[knn.k=2.0][knn.distance=manhattan]
time:79.93199999999997
median_time:1.4802222222222217