id:[pca.columns=1.0];[knn.k=5.0][knn.distance=euclidian]
time:92.29100000000001
median_time:1.3184428571428572