id:[pca.columns=1.0];[knn.k=18.0][knn.distance=manhattan]
time:806.2610000000001
median_time:2.1329656084656086