id:[pca.columns=1.0];[knn.distance=euclidian][knn.k=21.0]
time:3496.767999999865
median_time:0.3469015873015739