id:[pca.columns=7.0];[knn.k=27.0][knn.distance=manhattan]
time:409.5639999999997
median_time:1.0835026455026446