id:[pca.columns=5.0];[knn.k=1.0][knn.distance=manhattan]
time:494.67700000000025
median_time:1.308669312169313