id:[pca.columns=1.0];[bkprop.cycles=3000][bkprop.learningRate=0.5][bkprop.momentum=0.7]
time:53.721000000000004
median_time:26.860500000000002