id:[pca.columns=2.0];[knn.distance=manhattan][knn.k=1.0]
time:9.092999999999991
median_time:0.02525833333333331