id:[knn.k=5.0][knn.distance=euclidian]
time:0.43699999999999994
median_time:0.043699999999999996