id:[knn.distance=euclidian][knn.k=179.0]
time:341.4140000000014
median_time:0.3048339285714298