id:[knn.k=8.0][knn.distance=manhattan]
time:18.139999999999997
median_time:0.33592592592592585