id:[pca.columns=2.0];[knn.distance=euclidian][knn.k=40.0]
time:583.337000000004
median_time:0.2480174319727908