id:[pca.columns=1.0];[knn.distance=manhattan][knn.k=8.0]
time:10.345000000000002
median_time:0.024630952380952385