id:[pca.columns=1.0];[knn.k=5.0][knn.distance=manhattan]
time:24.935000000000002
median_time:0.41558333333333336