id:[knn.distance=manhattan][knn.k=4.0]
time:435.7959999999994
median_time:0.6939426751592348