id:[knn.distance=euclidian][knn.k=105.0]
time:298.92599999999874
median_time:0.23724285714285615