id:[pca.columns=2.0];[bkprop.cycles=3000][bkprop.learningRate=0.5][bkprop.momentum=0.7]
time:588.8580000000001
median_time:84.12257142857143