id:[pca.columns=5.0];[knn.distance=manhattan][knn.k=25.0]
time:1725.2490000000007
median_time:4.5641507936507955