id:[pca.columns=1.0];[knn.distance=manhattan][knn.k=2.0]
time:2805.1849999998285
median_time:0.2895525392237643