id:[pca.columns=1.0];[knn.distance=manhattan][knn.k=255.0]
time:1037.0319999999977
median_time:0.1646082539682536