id:[pca.columns=1.0];[knn.distance=euclidian][knn.k=11.0]
time:1154.849999999872
median_time:0.15275793650791955