id:[pca.columns=1.0];[knn.k=5.0][knn.distance=euclidian]
time:153.14500000000004
median_time:2.187785714285715