id:[pca.columns=3.0];[knn.k=16.0][knn.distance=manhattan]
time:635.0540000000003
median_time:1.6800370370370379