id:[knn.k=5.0][knn.distance=manhattan]
time:16.183999999999997
median_time:1.6183999999999998