id:[knn.distance=manhattan][knn.k=111.0]
time:109.07100000000007
median_time:0.2782423469387757