id:[pca.columns=1.0];[knn.distance=euclidian][knn.k=4.0]
time:3.6350000000000002
median_time:0.18175000000000002