id:[pca.columns=3.0];[knn.distance=manhattan][knn.k=68.0]
time:1181.2279999999907
median_time:0.357947878787876