id:[pca.columns=1.0];[knn.k=2.0][knn.distance=euclidian]
time:350.4529999999998
median_time:0.9271243386243381