id:[knn.distance=manhattan][knn.k=16.0]
time:146.98400000000115
median_time:0.15941865509761513