id:[knn.distance=manhattan][knn.k=1.0]
time:129.55499999999972
median_time:0.18507857142857104