id:[knn.distance=manhattan][knn.k=12.0]
time:291.88099999999963
median_time:0.46477866242038157