id:[pca.columns=1.0];[knn.k=11.0][knn.distance=manhattan]
time:3.1090000000000027
median_time:0.031090000000000027