id:[knn.distance=euclidian][knn.k=7.0]
time:2.652999999999995
median_time:0.014738888888888862