id:[knn.k=9.0][knn.distance=manhattan]
time:1.5289999999999995
median_time:0.03057999999999999