id:[pca.columns=4.0];[knn.distance=manhattan][knn.k=7.0]
time:1417.290999999999
median_time:0.4294821212121209