id:[pca.columns=1.0];[knn.k=5.0][knn.distance=manhattan]
time:24.951999999999998
median_time:0.41586666666666666