id:[knn.distance=euclidian][knn.k=464.0]
time:173.95100000000033
median_time:0.1775010204081636