id:[pca.columns=1.0];[knn.distance=manhattan][knn.k=151.0]
time:753.6049999999655
median_time:0.1401795014880888