id:[pca.columns=1.0];[knn.distance=manhattan][knn.k=64.0]
time:1069.7999999999972
median_time:0.16980952380952338