id:[pca.columns=1.0];[knn.distance=euclidian][knn.k=265.0]
time:2999.728999999784
median_time:0.26452636684301445