id:[knn.k=5.0][knn.distance=manhattan]
time:19.250999999999998
median_time:1.9250999999999998