id:[knn.k=2.0][knn.distance=manhattan]
time:55.20299999999999
median_time:1.0222777777777776