id:[pca.columns=1.0];[knn.k=2.0][knn.distance=manhattan]
time:28.986000000000004
median_time:0.4831000000000001