id:[pca.columns=1.0];[knn.distance=manhattan][knn.k=6.0]
time:5.56599999999999
median_time:0.011595833333333312