id:[knn.k=5.0][knn.distance=manhattan]
time:2.9190000000000005
median_time:0.29190000000000005