id:[knn.distance=euclidian][knn.k=8.0]
time:1.979999999999997
median_time:0.010999999999999984