id:[knn.distance=euclidian][knn.k=5.0]
time:3.5710000000000046
median_time:0.023806666666666698