id:[pca.columns=2.0];[bkprop.momentum=0.7][bkprop.cycles=3000][bkprop.learningRate=0.5]
time:62.894999999999996
median_time:31.447499999999998