id:[pca.columns=1.0];[knn.k=5.0][knn.distance=manhattan]
time:114.90599999999996
median_time:1.6415142857142853