id:[pca.columns=1.0];[knn.distance=manhattan][knn.k=10.0]
time:1043.9699999999552
median_time:0.16175550046482107