id:[pca.columns=1.0];[knn.distance=manhattan][knn.k=2.0]
time:122.92400000000002
median_time:1.7560571428571432