id:[pca.columns=1.0];[knn.k=5.0][knn.distance=euclidian]
time:134.85599999999988
median_time:1.926514285714284