id:[pca.columns=1.0];[knn.k=5.0][knn.distance=manhattan]
time:0.9290000000000003
median_time:0.04645000000000001