id:[pca.columns=2.0];[knn.distance=manhattan][knn.k=24.0]
time:11.36000000000002
median_time:0.031555555555555614