id:[pca.columns=1.0];[knn.k=5.0][knn.distance=manhattan]
time:113.23700000000004
median_time:1.617671428571429