id:[knn.distance=euclidian][knn.k=1.0]
time:18.28800000000001
median_time:0.07620000000000005