id:[pca.columns=6.0];[bkprop.momentum=0.7][bkprop.cycles=3000][bkprop.learningRate=0.5]
time:268.61699999999996
median_time:38.37385714285714