id:[knn.distance=euclidian][knn.k=6.0]
time:3.671999999999991
median_time:0.013599999999999966