id:[pca.columns=1.0];[knn.k=4.0][knn.distance=manhattan]
time:21.231999999999992
median_time:0.35386666666666655