id:[pca.columns=2.0];[knn.distance=euclidian][knn.k=14.0]
time:17.34700000000007
median_time:0.036139583333333475