id:[knn.distance=euclidian][knn.k=402.0]
time:157.1760000000006
median_time:0.18711428571428645