id:[pca.columns=1.0];[knn.k=5.0][knn.distance=manhattan]
time:173.18099999999998
median_time:2.4740142857142855