id:[pca.columns=1.0];[knn.distance=manhattan][knn.k=31.0]
time:1123.4820000000427
median_time:0.17407530213821548