id:[knn.distance=euclidian][knn.k=5.0]
time:486.81799999999663
median_time:0.3863634920634894