id:[pca.columns=3.0];[knn.k=8.0][knn.distance=manhattan]
time:92.73400000000005
median_time:0.2862160493827162