id:[knn.k=5.0][knn.distance=manhattan]
time:16.314000000000004
median_time:1.6314000000000004