id:[knn.k=4.0][knn.distance=manhattan]
time:0.5310000000000001
median_time:0.053100000000000015