id:[pca.columns=1.0];[knn.distance=euclidian][knn.k=2.0]
time:17.31199999999997
median_time:0.06411851851851841