id:[pca.columns=1.0];[bkprop.cycles=3000][bkprop.learningRate=0.5][bkprop.momentum=0.7]
time:668.8380000000001
median_time:95.54828571428573