id:[pca.columns=1.0];[knn.k=27.0][knn.distance=euclidian]
time:625.026000000001
median_time:1.653507936507939