id:[knn.k=6.0][knn.distance=manhattan]
time:54.344000000000015
median_time:1.0063703703703706