id:[pca.columns=1.0];[knn.k=11.0][knn.distance=manhattan]
time:834.209000000003
median_time:2.2069021164021243