id:[pca.columns=2.0];[knn.distance=euclidian][knn.k=6.0]
time:6.3169999999999895
median_time:0.021056666666666633