id:[knn.distance=euclidian][knn.k=44.0]
time:349.96600000000166
median_time:0.2528656069364174