id:[knn.distance=manhattan][knn.k=82.0]
time:198.14199999999948
median_time:0.20218571428571375