id:[pca.columns=1.0];[knn.distance=manhattan][knn.k=14.0]
time:6.9639999999999835
median_time:0.016580952380952342