id:[pca.columns=1.0];[knn.distance=euclidian][knn.k=6.0]
time:9.708999999999936
median_time:0.017979629629629512