id:[knn.distance=manhattan][knn.k=38.0]
time:371.8950000000016
median_time:0.5267634560906538