id:[pca.columns=1.0];[knn.distance=euclidian][knn.k=12.0]
time:10.42799999999995
median_time:0.01931111111111102