id:[knn.distance=euclidian][knn.k=50.0]
time:255.4400000000004
median_time:0.22807142857142892