id:[pca.columns=4.0];[bkprop.cycles=3000][bkprop.learningRate=0.5][bkprop.momentum=0.7]
time:846.9470000000001
median_time:120.99242857142859