id:[pca.columns=1.0];[knn.distance=manhattan][knn.k=7.0]
time:1560.4779999999657
median_time:0.2071797663303194