id:[pca.columns=2.0];[bkprop.momentum=0.7][bkprop.learningRate=0.5][bkprop.cycles=3000]
time:357.59400000000005
median_time:59.59900000000001