id:[pca.columns=1.0];[knn.distance=manhattan][knn.k=2.0]
time:3.444000000000001
median_time:0.17220000000000005