id:[pca.columns=1.0];[knn.distance=euclidian][knn.k=29.0]
time:1094.5629999999994
median_time:0.17374015873015863