id:[pca.columns=7.0];[knn.k=21.0][knn.distance=manhattan]
time:490.7459999999995
median_time:1.29826984126984