id:[knn.k=8.0][knn.distance=manhattan]
time:88.65299999999998
median_time:1.6417222222222219