id:[pca.columns=1.0];[knn.distance=manhattan][knn.k=17.0]
time:2590.043999999927
median_time:0.2673455821634937