id:[knn.distance=euclidian][knn.k=23.0]
time:260.3260000000002
median_time:0.47332000000000035