id:[pca.columns=1.0];[knn.k=5.0][knn.distance=euclidian]
time:169.31600000000006
median_time:2.418800000000001