id:[knn.distance=manhattan][knn.k=4.0]
time:1155.6900000000016
median_time:1.6369546742209655