id:[pca.columns=2.0];[bkprop.momentum=0.7][bkprop.learningRate=0.5][bkprop.cycles=3000]
time:506.51500000000004
median_time:84.41916666666667