id:[knn.distance=manhattan][knn.k=16.0]
time:217.30000000000027
median_time:0.3950909090909096