id:[pca.columns=1.0];[knn.k=4.0][knn.distance=manhattan]
time:29.625000000000007
median_time:0.49375000000000013