id:[pca.columns=1.0];[knn.distance=euclidian][knn.k=464.0]
time:2005.6249999999823
median_time:0.22739512471655127