id:[pca.columns=1.0];[knn.k=16.0][knn.distance=manhattan]
time:163.78299999999984
median_time:0.5055030864197526