id:[pca.columns=6.0];[bkprop.cycles=3000][bkprop.learningRate=0.5][bkprop.momentum=0.7]
time:293.45300000000003
median_time:48.90883333333334