id:[pca.columns=1.0];[knn.k=4.0][knn.distance=euclidian]
time:25.101000000000003
median_time:0.41835000000000006