id:[pca.columns=1.0];[knn.k=5.0][knn.distance=manhattan]
time:152.6399999999999
median_time:2.1805714285714273