id:[pca.columns=1.0];[bkprop.momentum=0.7][bkprop.learningRate=0.5][bkprop.cycles=3000]
time:642.6320000000001
median_time:107.10533333333335