id:[pca.columns=1.0];[knn.distance=euclidian][knn.k=5.0]
time:2628.7699999998467
median_time:0.2980464852607536