id:[knn.k=2.0][knn.distance=manhattan]
time:96.15500000000002
median_time:1.7806481481481484