id:[knn.distance=manhattan][knn.k=4.0]
time:3.3010000000000037
median_time:0.02200666666666669