id:[pca.columns=1.0];[knn.k=5.0][knn.distance=euclidian]
time:32.98599999999999
median_time:0.5497666666666665