id:[pca.columns=3.0];[knn.distance=manhattan][knn.k=44.0]
time:572.489000000001
median_time:0.2434051870748304