id:[pca.columns=1.0];[knn.distance=manhattan][knn.k=10.0]
time:2660.2259999998755
median_time:0.2745898018166676