id:[pca.columns=1.0];[knn.k=5.0][knn.distance=manhattan]
time:169.18499999999997
median_time:2.416928571428571