id:[pca.columns=1.0];[knn.distance=manhattan][knn.k=9.0]
time:1904.0290000000095
median_time:0.21587630385487636