id:[pca.columns=1.0];[knn.distance=manhattan][knn.k=37.0]
time:1554.4389999999378
median_time:0.2056136243386161