id:[knn.distance=manhattan][knn.k=6.0]
time:100.56900000000026
median_time:0.13094921875000035