id:[knn.distance=euclidian][knn.k=3.0]
time:0.5150000000000001
median_time:0.05150000000000001