id:[pca.columns=1.0];[bkprop.momentum=0.7][bkprop.cycles=3000][bkprop.learningRate=0.5]
time:725.8539999999999
median_time:80.65044444444443