id:[pca.columns=6.0];[bkprop.cycles=3000][bkprop.learningRate=0.5][bkprop.momentum=0.7]
time:1208.9070000000002
median_time:172.70100000000002