id:[knn.distance=manhattan][knn.k=36.0]
time:129.7000000000014
median_time:0.15440476190476357