id:[knn.k=11.0][knn.distance=manhattan]
time:1.5639999999999998
median_time:0.031279999999999995