id:[pca.columns=1.0];[knn.distance=euclidian][knn.k=8.0]
time:11.127999999999988
median_time:0.02318333333333331