id:[pca.columns=7.0];[bkprop.cycles=3000][bkprop.learningRate=0.5][bkprop.momentum=0.7]
time:1061.4830000000002
median_time:151.6404285714286