id:[knn.k=27.0][knn.distance=manhattan]
time:77.70999999999998
median_time:1.4390740740740737