id:[pca.columns=7.0];[knn.k=25.0][knn.distance=manhattan]
time:479.2170000000006
median_time:1.2677698412698428