id:[pca.columns=1.0];[knn.k=4.0][knn.distance=euclidian]
time:132.51199999999997
median_time:1.893028571428571