id:[knn.distance=manhattan][knn.k=7.0]
time:168.2370000000001
median_time:0.17167040816326543