id:[knn.k=5.0][knn.distance=euclidian]
time:14.749999999999998
median_time:1.4749999999999999