id:[knn.distance=manhattan][knn.k=3.0]
time:3.3450000000000037
median_time:0.022300000000000025