id:[pca.columns=5.0];[bkprop.momentum=0.7][bkprop.cycles=3000][bkprop.learningRate=0.5]
time:233.17399999999998
median_time:33.31057142857143