id:[knn.distance=euclidian][knn.k=1.0]
time:1.8119999999999998
median_time:0.18119999999999997