id:[pca.columns=5.0];[knn.distance=manhattan][knn.k=2.0]
time:2368.1310000000076
median_time:0.5590488668555259