id:[knn.distance=manhattan][knn.k=10.0]
time:165.3789999999998
median_time:0.4218852040816321