id:[knn.distance=euclidian][knn.k=9.0]
time:9.223000000000008
median_time:0.043919047619047656