id:[pca.columns=1.0];[knn.distance=manhattan][knn.k=6.0]
time:5926.001000000048
median_time:0.5878969246031794