id:[pca.columns=1.0];[knn.distance=manhattan][knn.k=4.0]
time:5.077999999999987
median_time:0.01209047619047616