id:[pca.columns=2.0];[bkprop.momentum=0.7][bkprop.cycles=3000][bkprop.learningRate=0.5]
time:35.836999999999996
median_time:17.918499999999998