id:[pca.columns=1.0];[knn.k=4.0][knn.distance=manhattan]
time:166.97399999999996
median_time:2.3853428571428568