id:[pca.columns=1.0];[knn.distance=euclidian][knn.k=7.0]
time:4.546999999999991
median_time:0.01263055555555553