id:[pca.columns=1.0];[knn.k=2.0][knn.distance=euclidian]
time:20.891000000000002
median_time:0.34818333333333334