id:[pca.columns=4.0];[bkprop.momentum=0.7][bkprop.cycles=3000][bkprop.learningRate=0.5]
time:269.31899999999996
median_time:38.47414285714285