id:[pca.columns=1.0];[knn.distance=manhattan][knn.k=15.0]
time:767.914999999956
median_time:0.1428413318452299