id:[pca.columns=6.0];[bkprop.momentum=0.7][bkprop.cycles=3000][bkprop.learningRate=0.5]
time:203.61100000000002
median_time:29.087285714285716