id:[pca.columns=1.0];[knn.distance=euclidian][knn.k=2.0]
time:3.0639999999999996
median_time:0.15319999999999998