id:[pca.columns=7.0];[knn.k=23.0][knn.distance=manhattan]
time:559.0799999999999
median_time:1.479047619047619