id:[pca.columns=1.0];[knn.distance=euclidian][knn.k=306.0]
time:1022.2189999999945
median_time:0.16225698412698325