id:[pca.columns=1.0];[knn.k=4.0][knn.distance=euclidian]
time:38.49399999999999
median_time:0.6415666666666665