id:[pca.columns=1.0];[knn.distance=euclidian][knn.k=50.0]
time:2468.0469999998586
median_time:0.24484593253966852