id:[knn.distance=manhattan][knn.k=123.0]
time:435.06199999999933
median_time:0.34528730158730103