id:[pca.columns=1.0];[knn.distance=manhattan][knn.k=82.0]
time:1948.8689999999901
median_time:0.22096020408163153