id:[pca.columns=3.0];[knn.distance=euclidian][knn.k=22.0]
time:1569.3050000000023
median_time:0.4164822186836524