id:[pca.columns=1.0];[knn.distance=manhattan][knn.k=16.0]
time:1112.1470000000343
median_time:0.1723190269600301