id:[pca.columns=1.0];[knn.distance=manhattan][knn.k=7.0]
time:2061.57100000001
median_time:0.23943914053426363