id:[knn.distance=euclidian][knn.k=15.0]
time:2.4849999999999937
median_time:0.01035416666666664