id:[pca.columns=1.0];[knn.k=2.0][knn.distance=manhattan]
time:94.56000000000003
median_time:1.3508571428571432