id:[knn.k=14.0][knn.distance=manhattan]
time:66.19999999999999
median_time:1.2259259259259256