id:[knn.k=24.0][knn.distance=manhattan]
time:66.07800000000003
median_time:1.2236666666666673