id:[knn.k=12.0][knn.distance=euclidian]
time:66.77600000000001
median_time:1.2365925925925927