id:[pca.columns=1.0];[knn.k=25.0][knn.distance=manhattan]
time:601.0660000000013
median_time:1.5901216931216966