id:[pca.columns=5.0];[bkprop.cycles=3000][bkprop.learningRate=0.5][bkprop.momentum=0.7]
time:501.49600000000004
median_time:83.58266666666667