id:[knn.distance=manhattan][knn.k=8.0]
time:457.2839999999984
median_time:0.36292380952380826