id:[pca.columns=4.0];[bkprop.momentum=0.7][bkprop.learningRate=0.5][bkprop.cycles=3000]
time:1008.9450000000002
median_time:144.13500000000002