id:[pca.columns=5.0];[bkprop.cycles=3000][bkprop.learningRate=0.5][bkprop.momentum=0.7]
time:1194.9450000000002
median_time:170.7064285714286