id:[pca.columns=1.0];[knn.distance=euclidian][knn.k=5.0]
time:1960.0240000000724
median_time:0.22764506387921862