id:[pca.columns=1.0];[knn.k=4.0][knn.distance=manhattan]
time:153.68000000000006
median_time:2.195428571428572