id:[pca.columns=1.0];[knn.k=3.0][knn.distance=euclidian]
time:0.6240000000000003
median_time:0.031200000000000016