id:[pca.columns=1.0];[bkprop.momentum=0.7][bkprop.cycles=3000][bkprop.learningRate=0.5]
time:456.89599999999996
median_time:50.76622222222222