id:[pca.columns=4.0];[bkprop.cycles=3000][bkprop.learningRate=0.5][bkprop.momentum=0.7]
time:991.3720000000001
median_time:141.62457142857144