id:[pca.columns=1.0];[knn.distance=manhattan][knn.k=1.0]
time:1885.4119999999393
median_time:0.2992717460317364