id:[pca.columns=3.0];[knn.distance=manhattan][knn.k=2.0]
time:1530.4929999999956
median_time:0.40618179405520055