id:[pca.columns=1.0];[knn.distance=euclidian][knn.k=8.0]
time:6.794999999999979
median_time:0.01887499999999994