id:[pca.columns=1.0];[knn.k=4.0][knn.distance=manhattan]
time:827.8630000000006
median_time:2.190113756613758