id:[pca.columns=4.0];[bkprop.cycles=3000][bkprop.learningRate=0.5][bkprop.momentum=0.7]
time:364.46000000000004
median_time:60.74333333333334