id:[knn.distance=manhattan][knn.k=70.0]
time:162.75200000000024
median_time:0.3448135593220344