id:[pca.columns=3.0];[bkprop.momentum=0.7][bkprop.cycles=3000][bkprop.learningRate=0.5]
time:291.37699999999995
median_time:41.62528571428571