id:[pca.columns=1.0];[knn.distance=manhattan][knn.k=3.0]
time:7.671999999999979
median_time:0.025573333333333264