id:[pca.columns=1.0];[knn.distance=manhattan][knn.k=2.0]
time:100.47999999999999
median_time:1.4354285714285713