id:[knn.k=3.0][knn.distance=manhattan]
time:3.9840000000000004
median_time:0.39840000000000003