id:[pca.columns=1.0];[knn.distance=manhattan][knn.k=2.0]
time:2.260999999999993
median_time:0.007536666666666644