id:[knn.k=17.0][knn.distance=manhattan]
time:65.70299999999997
median_time:1.2167222222222218