id:[knn.k=3.0][knn.distance=manhattan]
time:0.6570000000000001
median_time:0.06570000000000001