id:[pca.columns=1.0];[knn.k=2.0][knn.distance=euclidian]
time:37.437000000000005
median_time:0.6239500000000001