id:[pca.columns=3.0];[knn.k=1.0][knn.distance=euclidian]
time:644.5570000000004
median_time:1.7051772486772496