id:[pca.columns=1.0];[knn.distance=euclidian][knn.k=15.0]
time:773.2059999999557
median_time:0.1438255208333251