id:[knn.k=3.0][knn.distance=manhattan]
time:98.85899999999998
median_time:1.830722222222222