id:[knn.k=11.0][knn.distance=manhattan]
time:78.04499999999996
median_time:1.445277777777777