id:[pca.columns=1.0];[knn.distance=euclidian][knn.k=1.0]
time:1099.4360000000179
median_time:0.17034955066625626