id:[pca.columns=1.0];[knn.distance=manhattan][knn.k=4.0]
time:7.702999999999979
median_time:0.025676666666666598