id:[pca.columns=1.0];[knn.distance=manhattan][knn.k=15.0]
time:1971.8469999999857
median_time:0.22356541950113215