id:[pca.columns=2.0];[bkprop.momentum=0.7][bkprop.learningRate=0.5][bkprop.cycles=3000]
time:120.15299999999999
median_time:60.076499999999996