id:[pca.columns=1.0];[knn.distance=euclidian][knn.k=21.0]
time:4567.985999999847
median_time:0.4028206349206214