id:[knn.distance=manhattan][knn.k=12.0]
time:131.47900000000004
median_time:0.33540561224489807