id:[pca.columns=1.0];[knn.distance=manhattan][knn.k=7.0]
time:1581.2840000000247
median_time:0.17928390022676016