id:[pca.columns=3.0];[bkprop.cycles=3000][bkprop.learningRate=0.5][bkprop.momentum=0.7]
time:334.44100000000003
median_time:55.740166666666674