id:[pca.columns=1.0];[knn.k=5.0][knn.distance=manhattan]
time:93.75600000000001
median_time:1.3393714285714289