id:[pca.columns=7.0];[knn.k=1.0][knn.distance=manhattan]
time:626.1089999999998
median_time:1.6563730158730154