id:[pca.columns=1.0];[knn.k=17.0][knn.distance=manhattan]
time:726.3299999999998
median_time:1.921507936507936