id:[pca.columns=1.0];[knn.k=24.0][knn.distance=manhattan]
time:664.3489999999988
median_time:1.7575370370370338