id:[pca.columns=1.0];[knn.k=5.0][knn.distance=euclidian]
time:131.16800000000006
median_time:1.8738285714285723