id:[pca.columns=1.0];[knn.k=5.0][knn.distance=manhattan]
time:4.442000000000002
median_time:0.04442000000000002