id:[pca.columns=3.0];[knn.distance=manhattan][knn.k=39.0]
time:1533.6590000000006
median_time:0.4070220276008494