id:[pca.columns=1.0];[knn.k=3.0][knn.distance=manhattan]
time:0.5600000000000003
median_time:0.028000000000000014