id:[knn.distance=manhattan][knn.k=23.0]
time:252.55999999999864
median_time:0.20533333333333223