id:[pca.columns=1.0];[knn.k=5.0][knn.distance=euclidian]
time:98.75300000000001
median_time:1.410757142857143