id:[pca.columns=2.0];[knn.distance=manhattan][knn.k=3.0]
time:13.971000000000055
median_time:0.03326428571428584