id:[pca.columns=1.0];[knn.distance=manhattan][knn.k=5.0]
time:50.81399999999999
median_time:0.8468999999999999