id:[knn.k=5.0][knn.distance=manhattan]
time:0.6749999999999999
median_time:0.06749999999999999