id:[knn.distance=manhattan][knn.k=8.0]
time:110.22000000000004
median_time:0.2811734693877552