id:[pca.columns=1.0];[knn.distance=manhattan][knn.k=309.0]
time:959.0759999999912
median_time:0.15223428571428432