id:[pca.columns=1.0];[knn.k=2.0][knn.distance=manhattan]
time:736.585999999999
median_time:1.948640211640209