id:[pca.columns=1.0];[knn.distance=manhattan][knn.k=51.0]
time:4228.344999999777
median_time:0.37286992945324315