id:[pca.columns=1.0];[knn.k=5.0][knn.distance=euclidian]
time:92.03100000000003
median_time:1.314728571428572