id:[pca.columns=1.0];[knn.distance=euclidian][knn.k=15.0]
time:9.140999999999984
median_time:0.019043749999999967