id:[knn.k=25.0][knn.distance=manhattan]
time:78.51799999999994
median_time:1.454037037037036