id:[knn.k=16.0][knn.distance=manhattan]
time:20.670999999999996
median_time:0.38279629629629625