id:[pca.columns=3.0];[knn.distance=euclidian][knn.k=17.0]
time:850.5869999999925
median_time:0.3003485169491499