id:[pca.columns=1.0];[knn.distance=euclidian][knn.k=6.0]
time:2010.5820000000087
median_time:0.26595000000000113