id:[knn.k=4.0][knn.distance=manhattan]
time:18.063000000000002
median_time:1.8063000000000002