id:[pca.columns=1.0];[knn.k=5.0][knn.distance=euclidian]
time:0.9990000000000003
median_time:0.049950000000000015