id:[pca.columns=1.0];[knn.distance=manhattan][knn.k=4.0]
time:5.903999999999986
median_time:0.01639999999999996