id:[pca.columns=1.0];[knn.k=3.0][knn.distance=euclidian]
time:3.0010000000000026
median_time:0.030010000000000026