id:[pca.columns=1.0];[knn.k=4.0][knn.distance=euclidian]
time:29.249000000000017
median_time:0.4874833333333336