id:[pca.columns=1.0];[knn.k=3.0][knn.distance=manhattan]
time:173.12999999999994
median_time:2.4732857142857134