id:[knn.distance=manhattan][knn.k=11.0]
time:363.3250000000002
median_time:0.5146246458923516