id:[knn.k=27.0][knn.distance=euclidian]
time:67.18600000000002
median_time:1.2441851851851855