id:[pca.columns=1.0];[knn.k=27.0][knn.distance=manhattan]
time:497.86400000000054
median_time:1.3171005291005304