id:[pca.columns=1.0];[knn.k=2.0][knn.distance=manhattan]
time:154.88599999999997
median_time:2.212657142857142