id:[knn.k=5.0][knn.distance=manhattan]
time:10.241999999999997
median_time:1.0241999999999998