id:[pca.columns=3.0];[bkprop.cycles=3000][bkprop.learningRate=0.5][bkprop.momentum=0.7]
time:367.53200000000004
median_time:61.25533333333334