id:[pca.columns=1.0];[knn.k=5.0][knn.distance=manhattan]
time:132.99500000000006
median_time:1.8999285714285723