id:[pca.columns=1.0];[knn.distance=manhattan][knn.k=9.0]
time:773.8539999999518
median_time:0.14394605654761009