id:[pca.columns=1.0];[knn.distance=manhattan][knn.k=1.0]
time:1522.0929999999705
median_time:0.20208351035581126