id:[knn.distance=manhattan][knn.k=5.0]
time:6.718000000000001
median_time:0.6718000000000001