id:[knn.distance=euclidian][knn.k=11.0]
time:123.15400000000142
median_time:0.14661190476190644