id:[knn.distance=euclidian][knn.k=21.0]
time:369.3920000000004
median_time:0.32981428571428606