id:[pca.columns=1.0];[knn.distance=manhattan][knn.k=17.0]
time:4.437000000000002
median_time:0.04437000000000002