id:[pca.columns=3.0];[knn.distance=euclidian][knn.k=13.0]
time:569.6450000000011
median_time:0.24219600340136102