id:[knn.k=17.0][knn.distance=manhattan]
time:77.68399999999998
median_time:1.4385925925925922