id:[pca.columns=1.0];[bkprop.momentum=0.7][bkprop.cycles=3000][bkprop.learningRate=0.5]
time:777.5060000000001
median_time:86.38955555555556