id:[knn.distance=euclidian][knn.k=1.0]
time:1.5620000000000003
median_time:0.15620000000000003